15.5000  0.0009     14.7400  0.0009     14.5100  0.0020     10.9500  0.0031     14.0000 -0.0003
15.5400  0.0034     14.7800 -0.0005     14.5500  0.0042     10.9750  0.0032     14.0750  0.0005
15.5800  0.0058     14.8200  0.0031     14.5900  0.0045     11.0000  0.0044     14.1500  0.0011
15.6200  0.0053     14.8600  0.0033     14.6300  0.0048     11.0250  0.0050     14.2250 -0.0005
15.6600  0.0019     14.9000  0.0019     14.6700  0.0089     11.0500  0.0067     14.3000  0.0010
15.7000  0.0062     14.9400  0.0002     14.7100  0.0089     11.0750  0.0075     14.3750  0.0012
15.7400  0.0074     14.9800  0.0021     14.7500  0.0139     11.1000  0.0093     14.4500  0.0002
15.7800  0.0092     15.0200  0.0076     14.7900  0.0193     11.1250  0.0110     14.5250  0.0018
15.8200  0.0058     15.0600  0.0068     14.8300  0.0265     11.1500  0.0128     14.6000  0.0013
15.8600  0.0154     15.1000  0.0072     14.8700  0.0386     11.1750  0.0170     14.6750 -0.0005
15.9000  0.0204     15.1400  0.0128     14.9100  0.0593     11.2000  0.0201     14.7500 -0.0005
15.9400  0.0253     15.1800  0.0153     14.9500  0.0932     11.2250  0.0250     14.8250  0.0016
15.9800  0.0341     15.2200  0.0196     14.9900  0.1455     11.2500  0.0309     14.9000  0.0011
16.0200  0.0561     15.2600  0.0269     15.0300  0.2306     11.2750  0.0400     14.9750  0.0003
16.0600  0.0823     15.3000  0.0421     15.0700  0.3581     11.3000  0.0491     15.0500  0.0006
16.1000  0.1296     15.3400  0.0617     15.1100  0.5178     11.3250  0.0630     15.1250  0.0000
16.1400  0.2096     15.3800  0.0967     15.1500  0.6823     11.3500  0.0829     15.2000 -0.0009
16.1800  0.3171     15.4200  0.1573     15.1900  0.8249     11.3750  0.1078     15.2750  0.0003
16.2200  0.4631     15.4600  0.2499     15.2300  0.9291     11.4000  0.1452     15.3500  0.0006
16.2600  0.6170     15.5000  0.3716     15.2700  0.9832     11.4250  0.1937     15.4250 -0.0014
16.3000  0.7888     15.5400  0.5205     15.3100  0.9974     11.4500  0.2590     15.5000 -0.0008
16.3400  0.9038     15.5800  0.6794     15.3500  0.9964     11.4750  0.3421     15.5750  0.0012
16.3800  0.9634     15.6200  0.8223     15.3900  0.9954     11.5000  0.4440     15.6500  0.0000
16.4200  0.9780     15.6600  0.9298     15.4300  0.9945     11.5250  0.5553     15.7250  0.0010
16.4600  0.9850     15.7000  0.9827     15.4700  1.0000     11.5500  0.6680     15.8000 -0.0005
16.5000  0.9963     15.7400  1.0000     15.5100  0.9882     11.5750  0.7713     15.8750  0.0009
16.5400  1.0000     15.7800  1.0000     15.5500  0.9695     11.6000  0.8592     15.9500  0.0027
16.5800  0.9882     15.8200  0.9987     15.5900  0.9531     11.6250  0.9224     16.0250  0.0000
16.6200  0.9537     15.8600  0.9951     15.6300  0.9120     11.6500  0.9653     16.1000  0.0013
16.6600  0.8728     15.9000  0.9814     15.6700  0.8186     11.6750  0.9889     16.1750  0.0018
16.7000  0.7297     15.9400  0.9704     15.7100  0.6632     11.7000  1.0000     16.2500  0.0005
16.7400  0.5417     15.9800  0.9609     15.7500  0.4901     11.7250  0.9991     16.3250  0.0005
16.7800  0.3502     16.0200  0.9455     15.7900  0.3261     11.7500  0.9945     16.4000  0.0005
16.8200  0.2204     16.0600  0.9092     15.8300  0.2013     11.7750  0.9863     16.4750  0.0005
16.8600  0.1268     16.1000  0.8264     15.8700  0.1157     11.8000  0.9786     16.5500  0.0032
16.9000  0.0750     16.1400  0.6923     15.9100  0.0653     11.8250  0.9717     16.6250  0.0006
16.9400  0.0434     16.1800  0.5284     15.9500  0.0438     11.8500  0.9709     16.7000  0.0023
16.9800  0.0253     16.2200  0.3576     15.9900  0.0268     11.8750  0.9680     16.7750  0.0039
17.0200  0.0191     16.2600  0.2216     16.0300  0.0181     11.9000  0.9718     16.8500 -0.0021
17.0600  0.0125     16.3000  0.1306     16.0700  0.0141     11.9250  0.9780     16.9250  0.0032
17.1000  0.0105     16.3400  0.0796     16.1100  0.0094     11.9500  0.9866     17.0000 -0.0020
17.1400  0.0057     16.3800  0.0500     16.1500  0.0052     11.9750  0.9929     17.0750  0.0010
17.1800  0.0023     16.4200  0.0320     16.1900  0.0060     12.0000  0.9966     17.1500  0.0005
17.2200  0.0023     16.4600  0.0214     16.2300  0.0034     12.0250  0.9926     17.2250  0.0014
17.2600  0.0038     16.5000  0.0136     16.2700  0.0010     12.0500  0.9760     17.3000  0.0019
17.3000 -0.0019     16.5400  0.0094                         12.0750  0.9468     17.3750  0.0000
17.3400  0.0034     16.5800  0.0097                         12.1000  0.9060     17.4500  0.0015
17.3800  0.0002     16.6200  0.0073                         12.1250  0.8486     17.5250 -0.0008
                    16.6600  0.0045                         12.1500  0.7840     17.6000 -0.0008
                    16.7000  0.0020                         12.1750  0.7097     17.6750  0.0018
                    16.7400  0.0025                         12.2000  0.6288     17.7500  0.0004
                    16.7800  0.0025                         12.2250  0.5387     17.8250  0.0036
                    16.8200 -0.0007                         12.2500  0.4475     17.9000 -0.0008
                    16.8600  0.0010                         12.2750  0.3569     17.9750  0.0010
                    16.9000  0.0037                         12.3000  0.2778     18.0500  0.0016
                    16.9400  0.0031                         12.3250  0.2115     18.1250 -0.0011
                    16.9800 -0.0019                         12.3500  0.1592     18.2000 -0.0011
                    17.0200  0.0023                         12.3750  0.1185     18.2750  0.0019
                                                            12.4000  0.0875     18.3500 -0.0007
                                                            12.4250  0.0663     18.4250  0.0021
                                                            12.4500  0.0505     18.5000  0.0039
                                                            12.4750  0.0391     18.5750  0.0027
                                                            12.5000  0.0304     18.6500  0.0035
                                                            12.5250  0.0250     18.7250  0.0072
                                                            12.5500  0.0180     18.8000  0.0084
                                                            12.5750  0.0159     18.8750  0.0052
                                                            12.6000  0.0137     18.9500  0.0129
                                                            12.6250  0.0117     19.0250  0.0136
                                                            12.6500  0.0086     19.1000  0.0153
                                                            12.6750  0.0086     19.1750  0.0227
                                                            12.7000  0.0071     19.2500  0.0312
                                                                                19.3250  0.0401
                                                                                19.4000  0.0517
                                                                                19.4750  0.0787
                                                                                19.5500  0.1092
                                                                                19.6250  0.1617
                                                                                19.7000  0.2379
                                                                                19.7750  0.3344
                                                                                19.8500  0.4521
                                                                                19.9250  0.6049
                                                                                20.0000  0.7415
                                                                                20.0750  0.8582
                                                                                20.1500  0.9457
                                                                                20.2250  1.0000
                                                                                20.3000  0.9963
                                                                                20.3750  0.9908
                                                                                20.4500  0.9863
                                                                                20.5250  0.9794
                                                                                20.6000  0.9695
                                                                                20.6750  0.9563
                                                                                20.7500  0.9399
                                                                                20.8250  0.9258
                                                                                20.9000  0.9147
                                                                                20.9750  0.9082
                                                                                21.0500  0.8987
                                                                                21.1250  0.8822
                                                                                21.2000  0.8622
                                                                                21.2750  0.8412
                                                                                21.3500  0.8238
                                                                                21.4250  0.8060
                                                                                21.5000  0.7889
                                                                                21.5750  0.7717
                                                                                21.6500  0.7572
                                                                                21.7250  0.7451
                                                                                21.8000  0.7352
                                                                                21.8750  0.7235
                                                                                21.9500  0.7110
                                                                                22.0250  0.6931
                                                                                22.1000  0.6725
                                                                                22.1750  0.6519
                                                                                22.2500  0.6343
                                                                                22.3250  0.6196
                                                                                22.4000  0.6008
                                                                                22.4750  0.5845
                                                                                22.5500  0.5686
                                                                                22.6250  0.5625
                                                                                22.7000  0.5591
                                                                                22.7750  0.5640
                                                                                22.8500  0.5647
                                                                                22.9250  0.5593
                                                                                23.0000  0.5406
                                                                                23.0750  0.5188
                                                                                23.1500  0.5011
                                                                                23.2250  0.4870
                                                                                23.3000  0.4738
                                                                                23.3750  0.4514
                                                                                23.4500  0.4307
                                                                                23.5250  0.4087
                                                                                23.6000  0.3947
                                                                                23.6750  0.3810
                                                                                23.7500  0.3705
                                                                                23.8250  0.3574
                                                                                23.9000  0.3442
                                                                                23.9750  0.3307
                                                                                24.0500  0.3227
                                                                                24.1250  0.3179
                                                                                24.2000  0.3164
                                                                                24.2750  0.3108
                                                                                24.3500  0.3044
                                                                                24.4250  0.2950
                                                                                24.5000  0.2851
                                                                                24.5750  0.2711
                                                                                24.6500  0.2548
                                                                                24.7250  0.2330
                                                                                24.8000  0.2078
                                                                                24.8750  0.1799
                                                                                24.9500  0.1557
                                                                                25.0250  0.1340
                                                                                25.1000  0.1146
                                                                                25.1750  0.0964
                                                                                25.2500  0.0801
                                                                                25.3250  0.0649
                                                                                25.4000  0.0507
                                                                                25.4750  0.0393
                                                                                25.5500  0.0308
                                                                                25.6250  0.0252
                                                                                25.7000  0.0188
                                                                                25.7750  0.0150
                                                                                25.8500  0.0117
                                                                                25.9250  0.0115
                                                                                26.0000  0.0094
                                                                                26.0750  0.0079
                                                                                26.1500  0.0070
                                                                                26.2250  0.0071
                                                                                26.3000  0.0045
                                                                                26.3750  0.0017
                                                                                26.4500 -0.0002
                                                                                26.5250  0.0022
                                                                                26.6000  0.0022
                                                                                26.6750 -0.0010
                                                                                26.7500 -0.0037
                                                                                26.8250 -0.0048
                                                                                26.9000 -0.0023
                                                                                26.9750 -0.0013
                                                                                27.0500  0.0035
                                                                                27.1250  0.0085
                                                                                27.2000  0.0150
                                                                                27.2750  0.0155
                                                                                27.3500  0.0125
                                                                                27.4250  0.0002
                                                                                27.5000 -0.0060
                                                                                27.5750 -0.0095
                                                                                27.6500  0.0011
                                                                                27.7250  0.0064
                                                                                27.8000  0.0248
                                                                                27.8750  0.0419
                                                                                27.9500  0.0669
                                                                                28.0250  0.0689
                                                                                28.1000  0.0576
                                                                                28.1750  0.0361
                                                                                28.2500  0.0248
                                                                                28.3250  0.0245
                                                                                28.4000  0.0272
                                                                                28.4750  0.0241
                                                                                28.5500  0.0115
                                                                                28.6250 -0.0003
                                                                                28.7000 -0.0053
                                                                                28.7750 -0.0034
                                                                                28.8500 -0.0008
