0.2000	0.003463828
0.2040	0.008490819
0.2080	0.007211867
0.2120	0.007407263
0.2160	0.016715190
0.2200	0.010853327
0.2240	0.018207300
0.2280	0.013073730
0.2320	0.012558596
0.2360	0.019948096
0.2400	0.018118484
0.2440	0.018473749
0.2480	0.014334918
0.2520	0.003836855
0.2560	0.014867815
0.2600	0.014690183
0.2640	0.018829013
0.2680	0.016200056
0.2720	0.018207300
0.2760	0.009272401
0.2800	0.013873075
0.2840	0.008988189
0.2880	0.017656641
0.2920	0.012238858
0.2960	0.015382948
0.3000	0.016804006
0.3040	0.018438222
0.3080	0.022097445
0.3120	0.044035022
0.3160	0.045313974
0.3200	0.062029164
0.3240	0.07204762
0.3280	0.075031841
0.3320	0.097981921
0.3360	0.082314761
0.3400	0.106526029
0.3440	0.106117475
0.3480	0.126154387
0.3520	0.128587948
0.3560	0.140507069
0.3600	0.163883466
0.3640	0.178058516
0.3680	0.186620388
0.3720	0.224882363
0.3760	0.313289908
0.3800	0.347164368
0.3840	0.337838678
0.3880	0.374040120
0.3920	0.391270443
0.3960	0.407168525
0.4000	0.443245624
0.4040	0.445288395
0.4080	0.475770080
0.4120	0.480583913
0.4160	0.517478120
0.4200	0.525684728
0.4240	0.565847368
0.4280	0.579258599
0.4320	0.586559282
0.4360	0.588744158
0.4400	0.594552731
0.4440	0.621250850
0.4480	0.585635595
0.4520	0.621286377
0.4560	0.626615343
0.4600	0.644751590
0.4640	0.668909569
0.4680	0.692676757
0.4720	0.704755747
0.4760	0.706336673
0.4800	0.730690048
0.4840	0.719108428
0.4880	0.730459126
0.4920	0.723602523
0.4960	0.729926229
0.5000	0.741543375
0.5040	0.747938134
0.5080	0.746090759
0.5120	0.743177591
0.5160	0.760638836
0.5200	0.737901915
0.5240	0.767353334
0.5280	0.787603404
0.5320	0.798811996
0.5360	0.780036272
0.5400	0.782789572
0.5440	0.795135009
0.5480	0.791742234
0.5520	0.799060681
0.5560	0.797444228
0.5600	0.783713259
0.5640	0.799540288
0.5680	0.804283068
0.5720	0.803661355
0.5760	0.820110096
0.5800	0.829613419
0.5840	0.809771902
0.5880	0.812542965
0.5920	0.801991612
0.5960	0.800748187
0.6000	0.804744911
0.6040	0.805455440
0.6080	0.793500793
0.6120	0.800108711
0.6160	0.803128458
0.6200	0.800392922
0.6240	0.817108112
0.6280	0.794850798
0.6320	0.791422496
0.6360	0.796236329
0.6400	0.796307382
0.6440	0.786040241
0.6480	0.786892875
0.6520	0.787692220
0.6560	0.791671181
0.6600	0.782842861
0.6640	0.809825192
0.6680	0.787496825
0.6720	0.763001345
0.6760	0.771350058
0.6800	0.758951331
0.6840	0.757938827
0.6880	0.764813193
0.6920	0.771687559
0.6960	0.764067138
0.7000	0.758329618
0.7040	0.756784218
0.7080	0.751348672
0.7120	0.764440165
0.7160	0.757690142
0.7200	0.748506557
0.7240	0.741472322
0.7280	0.731684788
0.7320	0.730103862
0.7360	0.735308485
0.7400	0.716053155
0.7440	0.717012369
0.7480	0.718184741
0.7520	0.707846547
0.7560	0.709676159
0.7600	0.714028148
0.7640	0.689035297
0.7680	0.688378058
0.7720	0.668465489
0.7760	0.657327950
0.7800	0.652034510
0.7840	0.637504197
0.7880	0.635443663
0.7920	0.631020621
0.7960	0.623560069
0.8000	0.623009409
0.8040	0.610948183
0.8080	0.611463316
0.8120	0.603913948
0.8160	0.604429081
0.8200	0.583575061
0.8240	0.583397429
0.8280	0.575054577
0.8320	0.580799025
0.8360	0.578205240
0.8400	0.587396640
0.8440	0.589102620
0.8480	0.599843328
0.8520	0.610131430
0.8560	0.613995996
0.8600	0.612464096
0.8640	0.629262773
0.8680	0.634276264
0.8720	0.639846810
0.8760	0.649978240
0.8800	0.658473322
0.8840	0.672347463
0.8880	0.686447907
0.8920	0.691774741
0.8960	0.706762991
0.9000	0.720132300
0.9040	0.730228915
0.9080	0.733971625
0.9120	0.746522761
0.9160	0.758273131
0.9200	0.766333014
0.9240	0.769657934
0.9280	0.779162677
0.9320	0.789398555
0.9360	0.792166420
0.9400	0.803272696
0.9440	0.808999913
0.9480	0.822856645
0.9520	0.834398120
0.9560	0.840282009
0.9600	0.842962834
0.9640	0.850831230
0.9680	0.854278005
0.9720	0.867595091
0.9760	0.880111411
0.9800	0.882182958
0.9840	0.893498129
0.9880	0.893933328
0.9920	0.899312386
0.9960	0.909896423
1.0000	0.912890591
1.0040	0.911846114
1.0080	0.917329620
1.0120	0.922900165
1.0160	0.924240578
1.0200	0.932578989
1.0240	0.937818783
1.0280	0.936495779
1.0320	0.944207503
1.0360	0.944259727
1.0400	0.946244234
1.0440	0.954008182
1.0480	0.955035251
1.0520	0.948507268
1.0560	0.957280877
1.0600	0.957089390
1.0640	0.959230568
1.0680	0.961824354
1.0720	0.965427801
1.0760	0.965218905
1.0800	0.972860997
1.0840	0.972686918
1.0880	0.972756550
1.0920	0.977961528
1.0960	0.980041779
1.1000	0.975507007
1.1040	0.975332927
1.1080	0.972982853
1.1120	0.978240056
1.1160	0.977526330
1.1200	0.977978936
1.1240	0.978327095
1.1280	0.978971190
1.1320	0.976586300
1.1360	0.980381234
1.1400	0.984036905
1.1440	0.987327008
1.1480	0.982069806
1.1520	0.980816433
1.1560	0.980694577
1.1600	0.982452781
1.1640	0.984872487
1.1680	0.985568805
1.1720	0.984419880
1.1760	0.990199321
1.1800	0.985081382
1.1840	0.988580381
1.1880	0.992688659
1.1920	0.993123858
1.1960	0.987065889
1.2000	0.986421795
1.2040	0.988058143
1.2080	0.987692576
1.2120	0.988771869
1.2160	0.993002002
1.2200	0.992044564
1.2240	0.990965271
1.2280	0.992236052
1.2320	0.991174167
1.2360	0.995143180
1.2400	1.000000000
1.2440	0.993715728
1.2480	0.988684829
1.2520	0.995038733
1.2560	0.987205153
1.2600	0.992897554
1.2640	0.990303769
1.2680	0.989032988
1.2720	0.993715728
1.2760	0.987553312
1.2800	0.988232222
1.2840	0.991539734
1.2880	0.991522326
1.2920	0.991470102
1.2960	0.986996257
1.3000	0.984559144
1.3040	0.986317347
1.3080	0.983392811
1.3120	0.985429541
1.3160	0.973888067
1.3200	0.984263208
1.3240	0.981251632
1.3280	0.979806772
1.3320	0.987675168
1.3360	0.986282531
1.3400	0.983793193
1.3440	0.977317434
1.3480	0.976708156
1.3520	0.970946122
1.3560	0.972373575
1.3600	0.972530246
1.3640	0.972443207
1.3680	0.971833928
1.3720	0.968839760
1.3760	0.968282705
1.3800	0.973713987
1.3840	0.971781704
1.3880	0.972112455
1.3920	0.965810776
1.3960	0.967899730
1.4000	0.967481939
1.4040	0.961824354
1.4080	0.963286622
1.4120	0.965862999
1.4160	0.963042911
1.4200	0.961580642
1.4240	0.961006180
1.4280	0.968857168
1.4320	0.965184089
1.4360	0.968456785
1.4400	0.963425886
1.4440	0.960936637
1.4520	0.963161747
1.4600	0.958809225
1.4680	0.960329756
1.4760	0.960006643
1.4840	0.960728896
1.4920	0.960424790
1.5000	0.957231673
1.5080	0.957744853
1.5160	0.954608756
1.5240	0.951814779
1.5320	0.952384979
1.5400	0.953924517
1.5480	0.952403985
1.5560	0.950161201
1.5640	0.943660929
1.5720	0.944060068
1.5800	0.952613058
1.5880	0.953126238
1.5960	0.952118886
1.6040	0.951852793
1.6120	0.953012198
1.6200	0.948602656
1.6280	0.947614311
1.6360	0.948203517
1.6440	0.947405238
1.6520	0.944421194
1.6600	0.945485566
1.6680	0.945409540
1.6760	0.943831988
1.6840	0.943984042
1.6920	0.940714899
1.7000	0.933207274
1.7080	0.937407742
1.7160	0.929120845
1.7240	0.930470317
1.7320	0.930527337
1.7400	0.932447008
1.7480	0.924996403
1.7560	0.928569652
1.7640	0.926402895
1.7720	0.924122097
1.7800	0.924122097
1.7880	0.916785532
1.7860	0.917450765
1.7940	0.918077984
1.8020	0.919047323
1.8100	0.920339775
1.8180	0.918591164
1.8260	0.916348379
1.8340	0.915360034
1.8420	0.913782482
1.8500	0.918268051
1.8580	0.918667190
1.8660	0.915911227
1.8740	0.911748771
1.8820	0.909353934
1.8900	0.906198831
1.8980	0.904336180
1.9060	0.902739621
1.9140	0.903499887
1.9220	0.901903329
1.9300	0.898976306
1.9380	0.899052332
1.9460	0.896866568
1.9540	0.897417761
1.9620	0.893768485
1.9700	0.889453976
1.9780	0.885956754
1.9860	0.885500594
1.9940	0.883200790
2.0020	0.882592577
2.0100	0.877783896
2.0180	0.879152375
2.0260	0.878107009
2.0340	0.874647800
2.0420	0.877878929
2.0500	0.872328989
2.0580	0.871929849
2.0660	0.865258517
2.0740	0.865030437
2.0820	0.861780301
2.0900	0.858739238
2.0980	0.855793208
2.1060	0.851079560
2.1140	0.848722736
2.1220	0.847107171
2.1300	0.845510613
2.1380	0.841899350
2.1460	0.842260476
2.1540	0.836311396
2.1620	0.834714838
2.1700	0.832205961
2.1780	0.826732047
2.1860	0.821809326
2.1940	0.817152698
2.2020	0.816012299
2.2100	0.810766465
2.2180	0.803867053
2.2260	0.802916721
2.2340	0.802593608
2.2420	0.799723604
2.2500	0.796720554
2.2580	0.790448361
2.2660	0.785164514
2.2740	0.784214182
2.2820	0.782237491
2.2900	0.782332524
2.2980	0.777751922
2.3060	0.775509138
2.3140	0.774311720
2.3220	0.772620128
2.3300	0.771327676
2.3380	0.771726816
2.3460	0.765435616
2.3540	0.762318527
2.3620	0.758042031
2.3700	0.757585872
2.3780	0.758118058
2.3860	0.756198387
2.3940	0.752701164
2.4020	0.754354742
2.4100	0.751560765
2.4180	0.745668705
2.4260	0.747550363
2.4340	0.744414267
2.4420	0.740042738
2.4500	0.735804256
2.4580	0.735272070
2.4660	0.729608090
2.4740	0.725521661
2.4820	0.728676764
2.4900	0.718033043
2.4980	0.714820920
2.5060	0.706857136
2.5140	0.700927062
2.5220	0.698323152
2.5300	0.694065664
2.5380	0.679791673
2.5460	0.671884909
2.5540	0.671751862
2.5620	0.663046819
2.5700	0.656945685
2.5780	0.650312366
2.5860	0.640790037
2.5940	0.630355389
2.6020	0.627561412
2.6100	0.625964854
2.6180	0.623570016
2.6260	0.615986365
2.6340	0.604658404
2.6420	0.603289926
2.6500	0.598671311
2.6580	0.588578783
2.6660	0.580120825
2.6740	0.577630955
2.6820	0.568089619
2.6900	0.551211718
2.6980	0.523918176
2.7060	0.489915287
2.7140	0.452871336
2.7220	0.422764810
2.7300	0.408528832
2.7280	0.410315457
2.7360	0.406856248
2.7440	0.413793673
2.7520	0.413318507
2.7600	0.407122341
2.7680	0.388191722
2.7760	0.359871821
2.7840	0.330601587
2.7920	0.298100224
2.8000	0.266815286
2.8080	0.239198630
2.8160	0.215041184
2.8240	0.194076854
2.8320	0.175013189
2.8400	0.159978933
2.8480	0.147225474
2.8560	0.136030560
2.8640	0.126318164
2.8720	0.117099941
2.8800	0.109991456
2.8880	0.103168070
2.8960	0.097085944
2.9040	0.092144216
2.9120	0.087031428
2.9200	0.082032681
2.9280	0.078516451
2.9360	0.074068896
2.9440	0.070077501
2.9520	0.067055444
2.9600	0.064299481
2.9680	0.061315437
2.9760	0.058369407
2.9840	0.056202650
2.9920	0.053522713
3.0000	0.051850128
3.0080	0.050158537
3.0160	0.047611646
3.0240	0.045729988
3.0320	0.043772304
3.0400	0.042517865
3.0480	0.040978327
3.0560	0.039609849
3.0640	0.038089317
3.0720	0.037386071
3.0800	0.036397726
3.0880	0.034287988
3.0960	0.034249975
3.1040	0.033318649
3.1120	0.032045204
3.1200	0.031455998
3.1280	0.030562686
3.1360	0.029726393
3.1440	0.028547981
3.1520	0.028547981
3.1600	0.027673675
3.1680	0.026685330
3.1760	0.026457250
3.1840	0.025525925
3.1920	0.025373871
3.2000	0.024822679
3.2080	0.024366519
3.2160	0.023359167
3.2240	0.023397180
3.2320	0.023074067
3.2400	0.022123735
3.2480	0.022294795
3.2560	0.022028702
3.2640	0.021287443
3.2720	0.020945323
3.2800	0.020793270
3.2880	0.020698237
3.2960	0.020451150
3.3040	0.020071017
3.3120	0.019842938
3.3200	0.019804924
3.3280	0.019690884
3.3360	0.018835585
3.3440	0.019101678
3.3520	0.018417439
3.3600	0.018740552
3.3680	0.018360419
3.3760	0.018170353
3.3840	0.018417439
3.3920	0.018455453
3.4000	0.017942273
3.4080	0.017619160
3.4160	0.017695187
3.4240	0.017372074
3.4320	0.016706841
3.4400	0.016782868
3.4480	0.017448100
3.4560	0.017086974
3.4640	0.016744854
3.4720	0.016991941
3.4800	0.016763861
3.4880	0.015528429
3.4960	0.016022602
3.5040	0.015452403
3.5120	0.016136642
3.5200	0.015756509
3.5280	0.014787170
3.5360	0.014711143
3.5440	0.014673130
3.5520	0.014445050
3.5600	0.014464057
3.5680	0.014407037
3.5760	0.013912864
3.5840	0.013855844
3.5920	0.013399685
3.6000	0.013722798
3.6080	0.013171605
3.6160	0.013266638
3.6240	0.012715446
3.6320	0.012525379
3.6400	0.013190612
3.6480	0.011860147
3.6560	0.012696439
3.6640	0.012962532
3.6720	0.012639419
3.6800	0.013627765
3.6880	0.013817831
3.6960	0.012658426
3.7040	0.013437698
3.7120	0.013608758
3.7200	0.013466208
3.7280	0.013304652
3.7360	0.013741804
3.7440	0.014197964
3.7520	0.013893858
3.7600	0.014426044
3.7680	0.013570745
3.7760	0.014102931
3.7840	0.013380678
3.7920	0.013152598
3.8000	0.013475711
3.8080	0.013171605
3.8160	0.013019552
3.8240	0.012468359
3.8320	0.012791472
3.8400	0.012430346
3.8480	0.012259286
3.8560	0.011403987
3.8640	0.012202266
3.8720	0.010187562
3.8800	0.009769416
3.8880	0.009636369
3.8960	0.009313256
3.9040	0.009921469
3.9120	0.008781070
3.9200	0.008419944
3.9280	0.006880406
3.9360	0.007355572
3.9440	0.007127492
3.9520	0.007355572
3.9600	0.006538286
3.9680	0.005987093
3.9760	0.005397887
3.9840	0.006329213
3.9920	0.005721000
4.0000	0.004656628
4.0080	0.004675635
4.0160	0.005416894
4.0240	0.004352522
4.0320	0.004770668
4.0400	0.003611263
4.0480	0.004314508
4.0560	0.003877356
4.0640	0.003440203
4.0720	0.004067422
4.0800	0.003440203
4.0880	0.003535236
4.0960	0.003592256
4.1040	0.002565897
4.1120	0.003250136
4.1200	0.003459209
4.1280	0.002774970
4.1360	0.003060070
4.1440	0.002717950
4.1520	0.002736957
4.1600	0.002641924
4.1680	0.003269143
4.1760	0.002850997
4.1840	0.002965037
4.1920	0.003003050
4.2000	0.002166758
